10,238
10,176
10,210
10,216
10,186
10,124
10,2
10,3
9,7
9,4
9,6
8,9
8,4
8,11
8,6
8,17
8,2
8,3
24,3
24,2
24,1
24,0
20,3
20,2
20,1
19,3
19,2
19,1
18,3
18,1
14,3
14,1
13,3
13,1
12,3
12,2
12,1
11,28
11,27
11,26
11,25
11,24
11,23
11,22
11,21
11,20
11,19
11,18
11,17
11,16
11,15
11,14
11,13
11,12
11,11
11,10
11,9
11,8
11,7
11,6
11,5
11,4
11,3
11,2
11,1
10,301
10,297
10,296
10,295
10,293
10,292
10,288
10,285
10,284
10,280
10,279
10,276
10,275
10,272
10,271
10,270
10,266
10,262
10,261
10,255
10,252
10,248
10,247
10,237
10,236
10,234
10,231
10,230
10,227
10,226
10,222
